{
 "cells": [
  {
   "cell_type": "code",
   "execution_count": 2,
   "id": "d7f3092d-c5fc-44ce-bf44-90f4111c18af",
   "metadata": {},
   "outputs": [],
   "source": [
    "import pandas as pd\n",
    "import numpy as np\n",
    "import seaborn as sns\n",
    "import matplotlib.pyplot as plt\n",
    "%matplotlib inline"
   ]
  },
  {
   "cell_type": "code",
   "execution_count": 3,
   "id": "00228048-0928-4e27-876d-d74f859e3f62",
   "metadata": {},
   "outputs": [],
   "source": [
    "df = pd.read_csv('dataset_1.csv')"
   ]
  },
  {
   "cell_type": "code",
   "execution_count": 4,
   "id": "4b1d3874-7a8f-4093-9900-33fec4326fdc",
   "metadata": {},
   "outputs": [
    {
     "data": {
      "text/html": [
       "<div>\n",
       "<style scoped>\n",
       "    .dataframe tbody tr th:only-of-type {\n",
       "        vertical-align: middle;\n",
       "    }\n",
       "\n",
       "    .dataframe tbody tr th {\n",
       "        vertical-align: top;\n",
       "    }\n",
       "\n",
       "    .dataframe thead th {\n",
       "        text-align: right;\n",
       "    }\n",
       "</style>\n",
       "<table border=\"1\" class=\"dataframe\">\n",
       "  <thead>\n",
       "    <tr style=\"text-align: right;\">\n",
       "      <th></th>\n",
       "      <th>age</th>\n",
       "      <th>sex</th>\n",
       "      <th>cp</th>\n",
       "      <th>trestbps</th>\n",
       "      <th>chol</th>\n",
       "      <th>fbs</th>\n",
       "      <th>restecg</th>\n",
       "      <th>thalach</th>\n",
       "      <th>exang</th>\n",
       "      <th>oldpeak</th>\n",
       "      <th>slope</th>\n",
       "      <th>ca</th>\n",
       "      <th>thal</th>\n",
       "      <th>target</th>\n",
       "    </tr>\n",
       "  </thead>\n",
       "  <tbody>\n",
       "    <tr>\n",
       "      <th>0</th>\n",
       "      <td>63</td>\n",
       "      <td>1</td>\n",
       "      <td>3</td>\n",
       "      <td>145</td>\n",
       "      <td>233</td>\n",
       "      <td>1</td>\n",
       "      <td>0</td>\n",
       "      <td>150</td>\n",
       "      <td>0</td>\n",
       "      <td>2.3</td>\n",
       "      <td>0</td>\n",
       "      <td>0</td>\n",
       "      <td>1</td>\n",
       "      <td>1</td>\n",
       "    </tr>\n",
       "    <tr>\n",
       "      <th>1</th>\n",
       "      <td>37</td>\n",
       "      <td>1</td>\n",
       "      <td>2</td>\n",
       "      <td>130</td>\n",
       "      <td>250</td>\n",
       "      <td>0</td>\n",
       "      <td>1</td>\n",
       "      <td>187</td>\n",
       "      <td>0</td>\n",
       "      <td>3.5</td>\n",
       "      <td>0</td>\n",
       "      <td>0</td>\n",
       "      <td>2</td>\n",
       "      <td>1</td>\n",
       "    </tr>\n",
       "    <tr>\n",
       "      <th>2</th>\n",
       "      <td>41</td>\n",
       "      <td>0</td>\n",
       "      <td>1</td>\n",
       "      <td>130</td>\n",
       "      <td>204</td>\n",
       "      <td>0</td>\n",
       "      <td>0</td>\n",
       "      <td>172</td>\n",
       "      <td>0</td>\n",
       "      <td>1.4</td>\n",
       "      <td>2</td>\n",
       "      <td>0</td>\n",
       "      <td>2</td>\n",
       "      <td>1</td>\n",
       "    </tr>\n",
       "    <tr>\n",
       "      <th>3</th>\n",
       "      <td>56</td>\n",
       "      <td>1</td>\n",
       "      <td>1</td>\n",
       "      <td>120</td>\n",
       "      <td>236</td>\n",
       "      <td>0</td>\n",
       "      <td>1</td>\n",
       "      <td>178</td>\n",
       "      <td>0</td>\n",
       "      <td>0.8</td>\n",
       "      <td>2</td>\n",
       "      <td>0</td>\n",
       "      <td>2</td>\n",
       "      <td>1</td>\n",
       "    </tr>\n",
       "    <tr>\n",
       "      <th>4</th>\n",
       "      <td>57</td>\n",
       "      <td>0</td>\n",
       "      <td>0</td>\n",
       "      <td>120</td>\n",
       "      <td>354</td>\n",
       "      <td>0</td>\n",
       "      <td>1</td>\n",
       "      <td>163</td>\n",
       "      <td>1</td>\n",
       "      <td>0.6</td>\n",
       "      <td>2</td>\n",
       "      <td>0</td>\n",
       "      <td>2</td>\n",
       "      <td>1</td>\n",
       "    </tr>\n",
       "  </tbody>\n",
       "</table>\n",
       "</div>"
      ],
      "text/plain": [
       "   age  sex  cp  trestbps  chol  fbs  restecg  thalach  exang  oldpeak  slope  \\\n",
       "0   63    1   3       145   233    1        0      150      0      2.3      0   \n",
       "1   37    1   2       130   250    0        1      187      0      3.5      0   \n",
       "2   41    0   1       130   204    0        0      172      0      1.4      2   \n",
       "3   56    1   1       120   236    0        1      178      0      0.8      2   \n",
       "4   57    0   0       120   354    0        1      163      1      0.6      2   \n",
       "\n",
       "   ca  thal  target  \n",
       "0   0     1       1  \n",
       "1   0     2       1  \n",
       "2   0     2       1  \n",
       "3   0     2       1  \n",
       "4   0     2       1  "
      ]
     },
     "execution_count": 4,
     "metadata": {},
     "output_type": "execute_result"
    }
   ],
   "source": [
    "df.head()"
   ]
  },
  {
   "cell_type": "code",
   "execution_count": 5,
   "id": "69149b93-8c01-4cce-a92d-a139e7297112",
   "metadata": {},
   "outputs": [
    {
     "data": {
      "text/plain": [
       "Index(['age', 'sex', 'cp', 'trestbps', 'chol', 'fbs', 'restecg', 'thalach',\n",
       "       'exang', 'oldpeak', 'slope', 'ca', 'thal', 'target'],\n",
       "      dtype='object')"
      ]
     },
     "execution_count": 5,
     "metadata": {},
     "output_type": "execute_result"
    }
   ],
   "source": [
    "df.columns"
   ]
  },
  {
   "cell_type": "code",
   "execution_count": 6,
   "id": "c2cff00c-ac3c-4f42-ab40-5b636db3e316",
   "metadata": {},
   "outputs": [],
   "source": [
    "X = df.drop('target', axis=1)\n",
    "y = df['target']"
   ]
  },
  {
   "cell_type": "code",
   "execution_count": 7,
   "id": "e34e5277-b15b-4517-b0c0-060099bc857a",
   "metadata": {},
   "outputs": [
    {
     "data": {
      "text/html": [
       "<div>\n",
       "<style scoped>\n",
       "    .dataframe tbody tr th:only-of-type {\n",
       "        vertical-align: middle;\n",
       "    }\n",
       "\n",
       "    .dataframe tbody tr th {\n",
       "        vertical-align: top;\n",
       "    }\n",
       "\n",
       "    .dataframe thead th {\n",
       "        text-align: right;\n",
       "    }\n",
       "</style>\n",
       "<table border=\"1\" class=\"dataframe\">\n",
       "  <thead>\n",
       "    <tr style=\"text-align: right;\">\n",
       "      <th></th>\n",
       "      <th>age</th>\n",
       "      <th>sex</th>\n",
       "      <th>cp</th>\n",
       "      <th>trestbps</th>\n",
       "      <th>chol</th>\n",
       "      <th>fbs</th>\n",
       "      <th>restecg</th>\n",
       "      <th>thalach</th>\n",
       "      <th>exang</th>\n",
       "      <th>oldpeak</th>\n",
       "      <th>slope</th>\n",
       "      <th>ca</th>\n",
       "      <th>thal</th>\n",
       "    </tr>\n",
       "  </thead>\n",
       "  <tbody>\n",
       "    <tr>\n",
       "      <th>0</th>\n",
       "      <td>63</td>\n",
       "      <td>1</td>\n",
       "      <td>3</td>\n",
       "      <td>145</td>\n",
       "      <td>233</td>\n",
       "      <td>1</td>\n",
       "      <td>0</td>\n",
       "      <td>150</td>\n",
       "      <td>0</td>\n",
       "      <td>2.3</td>\n",
       "      <td>0</td>\n",
       "      <td>0</td>\n",
       "      <td>1</td>\n",
       "    </tr>\n",
       "    <tr>\n",
       "      <th>1</th>\n",
       "      <td>37</td>\n",
       "      <td>1</td>\n",
       "      <td>2</td>\n",
       "      <td>130</td>\n",
       "      <td>250</td>\n",
       "      <td>0</td>\n",
       "      <td>1</td>\n",
       "      <td>187</td>\n",
       "      <td>0</td>\n",
       "      <td>3.5</td>\n",
       "      <td>0</td>\n",
       "      <td>0</td>\n",
       "      <td>2</td>\n",
       "    </tr>\n",
       "    <tr>\n",
       "      <th>2</th>\n",
       "      <td>41</td>\n",
       "      <td>0</td>\n",
       "      <td>1</td>\n",
       "      <td>130</td>\n",
       "      <td>204</td>\n",
       "      <td>0</td>\n",
       "      <td>0</td>\n",
       "      <td>172</td>\n",
       "      <td>0</td>\n",
       "      <td>1.4</td>\n",
       "      <td>2</td>\n",
       "      <td>0</td>\n",
       "      <td>2</td>\n",
       "    </tr>\n",
       "    <tr>\n",
       "      <th>3</th>\n",
       "      <td>56</td>\n",
       "      <td>1</td>\n",
       "      <td>1</td>\n",
       "      <td>120</td>\n",
       "      <td>236</td>\n",
       "      <td>0</td>\n",
       "      <td>1</td>\n",
       "      <td>178</td>\n",
       "      <td>0</td>\n",
       "      <td>0.8</td>\n",
       "      <td>2</td>\n",
       "      <td>0</td>\n",
       "      <td>2</td>\n",
       "    </tr>\n",
       "    <tr>\n",
       "      <th>4</th>\n",
       "      <td>57</td>\n",
       "      <td>0</td>\n",
       "      <td>0</td>\n",
       "      <td>120</td>\n",
       "      <td>354</td>\n",
       "      <td>0</td>\n",
       "      <td>1</td>\n",
       "      <td>163</td>\n",
       "      <td>1</td>\n",
       "      <td>0.6</td>\n",
       "      <td>2</td>\n",
       "      <td>0</td>\n",
       "      <td>2</td>\n",
       "    </tr>\n",
       "  </tbody>\n",
       "</table>\n",
       "</div>"
      ],
      "text/plain": [
       "   age  sex  cp  trestbps  chol  fbs  restecg  thalach  exang  oldpeak  slope  \\\n",
       "0   63    1   3       145   233    1        0      150      0      2.3      0   \n",
       "1   37    1   2       130   250    0        1      187      0      3.5      0   \n",
       "2   41    0   1       130   204    0        0      172      0      1.4      2   \n",
       "3   56    1   1       120   236    0        1      178      0      0.8      2   \n",
       "4   57    0   0       120   354    0        1      163      1      0.6      2   \n",
       "\n",
       "   ca  thal  \n",
       "0   0     1  \n",
       "1   0     2  \n",
       "2   0     2  \n",
       "3   0     2  \n",
       "4   0     2  "
      ]
     },
     "execution_count": 7,
     "metadata": {},
     "output_type": "execute_result"
    }
   ],
   "source": [
    "X.head()"
   ]
  },
  {
   "cell_type": "code",
   "execution_count": 8,
   "id": "2bac65da-a649-41d7-9fef-0df19ba6e53a",
   "metadata": {},
   "outputs": [
    {
     "data": {
      "text/plain": [
       "0       1\n",
       "1       1\n",
       "2       1\n",
       "3       1\n",
       "4       1\n",
       "       ..\n",
       "2419    0\n",
       "2420    0\n",
       "2421    0\n",
       "2422    0\n",
       "2423    0\n",
       "Name: target, Length: 2424, dtype: int64"
      ]
     },
     "execution_count": 8,
     "metadata": {},
     "output_type": "execute_result"
    }
   ],
   "source": [
    "y"
   ]
  },
  {
   "cell_type": "code",
   "execution_count": 9,
   "id": "4e91cff4-fac2-4d76-99a6-437571cb128a",
   "metadata": {},
   "outputs": [],
   "source": [
    "#Train test split\n",
    "from sklearn.model_selection import train_test_split\n",
    "X_train, X_test, y_train, y_test = train_test_split(X, y, test_size = 0.25, random_state = 42)"
   ]
  },
  {
   "cell_type": "code",
   "execution_count": 10,
   "id": "1d5ba8dd-c8a8-414f-8001-e96cb467c796",
   "metadata": {},
   "outputs": [
    {
     "data": {
      "text/plain": [
       "((1818, 13), (606, 13))"
      ]
     },
     "execution_count": 10,
     "metadata": {},
     "output_type": "execute_result"
    }
   ],
   "source": [
    "X_train.shape, X_test.shape"
   ]
  },
  {
   "cell_type": "code",
   "execution_count": 11,
   "id": "f7487021-ad04-416f-bd3d-bdcdbd4dde83",
   "metadata": {},
   "outputs": [
    {
     "data": {
      "text/html": [
       "<div>\n",
       "<style scoped>\n",
       "    .dataframe tbody tr th:only-of-type {\n",
       "        vertical-align: middle;\n",
       "    }\n",
       "\n",
       "    .dataframe tbody tr th {\n",
       "        vertical-align: top;\n",
       "    }\n",
       "\n",
       "    .dataframe thead th {\n",
       "        text-align: right;\n",
       "    }\n",
       "</style>\n",
       "<table border=\"1\" class=\"dataframe\">\n",
       "  <thead>\n",
       "    <tr style=\"text-align: right;\">\n",
       "      <th></th>\n",
       "      <th>age</th>\n",
       "      <th>sex</th>\n",
       "      <th>cp</th>\n",
       "      <th>trestbps</th>\n",
       "      <th>chol</th>\n",
       "      <th>fbs</th>\n",
       "      <th>restecg</th>\n",
       "      <th>thalach</th>\n",
       "      <th>exang</th>\n",
       "      <th>oldpeak</th>\n",
       "      <th>slope</th>\n",
       "      <th>ca</th>\n",
       "      <th>thal</th>\n",
       "    </tr>\n",
       "  </thead>\n",
       "  <tbody>\n",
       "    <tr>\n",
       "      <th>age</th>\n",
       "      <td>1.000000</td>\n",
       "      <td>-0.118032</td>\n",
       "      <td>-0.068991</td>\n",
       "      <td>0.270715</td>\n",
       "      <td>0.224990</td>\n",
       "      <td>0.143908</td>\n",
       "      <td>-0.117200</td>\n",
       "      <td>-0.405475</td>\n",
       "      <td>0.100735</td>\n",
       "      <td>0.200720</td>\n",
       "      <td>-0.155287</td>\n",
       "      <td>0.287493</td>\n",
       "      <td>0.074281</td>\n",
       "    </tr>\n",
       "    <tr>\n",
       "      <th>sex</th>\n",
       "      <td>-0.118032</td>\n",
       "      <td>1.000000</td>\n",
       "      <td>-0.069095</td>\n",
       "      <td>-0.066163</td>\n",
       "      <td>-0.194766</td>\n",
       "      <td>0.036358</td>\n",
       "      <td>-0.062686</td>\n",
       "      <td>-0.038488</td>\n",
       "      <td>0.131136</td>\n",
       "      <td>0.088163</td>\n",
       "      <td>-0.013672</td>\n",
       "      <td>0.113495</td>\n",
       "      <td>0.191442</td>\n",
       "    </tr>\n",
       "    <tr>\n",
       "      <th>cp</th>\n",
       "      <td>-0.068991</td>\n",
       "      <td>-0.069095</td>\n",
       "      <td>1.000000</td>\n",
       "      <td>0.037315</td>\n",
       "      <td>-0.068987</td>\n",
       "      <td>0.092825</td>\n",
       "      <td>0.049356</td>\n",
       "      <td>0.288246</td>\n",
       "      <td>-0.400141</td>\n",
       "      <td>-0.144262</td>\n",
       "      <td>0.107814</td>\n",
       "      <td>-0.183679</td>\n",
       "      <td>-0.156789</td>\n",
       "    </tr>\n",
       "    <tr>\n",
       "      <th>trestbps</th>\n",
       "      <td>0.270715</td>\n",
       "      <td>-0.066163</td>\n",
       "      <td>0.037315</td>\n",
       "      <td>1.000000</td>\n",
       "      <td>0.130482</td>\n",
       "      <td>0.178189</td>\n",
       "      <td>-0.110103</td>\n",
       "      <td>-0.053083</td>\n",
       "      <td>0.079605</td>\n",
       "      <td>0.199454</td>\n",
       "      <td>-0.126198</td>\n",
       "      <td>0.096240</td>\n",
       "      <td>0.067750</td>\n",
       "    </tr>\n",
       "    <tr>\n",
       "      <th>chol</th>\n",
       "      <td>0.224990</td>\n",
       "      <td>-0.194766</td>\n",
       "      <td>-0.068987</td>\n",
       "      <td>0.130482</td>\n",
       "      <td>1.000000</td>\n",
       "      <td>0.017765</td>\n",
       "      <td>-0.146464</td>\n",
       "      <td>-0.009453</td>\n",
       "      <td>0.068700</td>\n",
       "      <td>0.063496</td>\n",
       "      <td>-0.013626</td>\n",
       "      <td>0.060505</td>\n",
       "      <td>0.118575</td>\n",
       "    </tr>\n",
       "    <tr>\n",
       "      <th>fbs</th>\n",
       "      <td>0.143908</td>\n",
       "      <td>0.036358</td>\n",
       "      <td>0.092825</td>\n",
       "      <td>0.178189</td>\n",
       "      <td>0.017765</td>\n",
       "      <td>1.000000</td>\n",
       "      <td>-0.083895</td>\n",
       "      <td>-0.015726</td>\n",
       "      <td>0.021751</td>\n",
       "      <td>0.006250</td>\n",
       "      <td>-0.060840</td>\n",
       "      <td>0.127803</td>\n",
       "      <td>-0.044223</td>\n",
       "    </tr>\n",
       "    <tr>\n",
       "      <th>restecg</th>\n",
       "      <td>-0.117200</td>\n",
       "      <td>-0.062686</td>\n",
       "      <td>0.049356</td>\n",
       "      <td>-0.110103</td>\n",
       "      <td>-0.146464</td>\n",
       "      <td>-0.083895</td>\n",
       "      <td>1.000000</td>\n",
       "      <td>0.039295</td>\n",
       "      <td>-0.073964</td>\n",
       "      <td>-0.045040</td>\n",
       "      <td>0.078381</td>\n",
       "      <td>-0.081411</td>\n",
       "      <td>-0.017300</td>\n",
       "    </tr>\n",
       "    <tr>\n",
       "      <th>thalach</th>\n",
       "      <td>-0.405475</td>\n",
       "      <td>-0.038488</td>\n",
       "      <td>0.288246</td>\n",
       "      <td>-0.053083</td>\n",
       "      <td>-0.009453</td>\n",
       "      <td>-0.015726</td>\n",
       "      <td>0.039295</td>\n",
       "      <td>1.000000</td>\n",
       "      <td>-0.377674</td>\n",
       "      <td>-0.347308</td>\n",
       "      <td>0.377015</td>\n",
       "      <td>-0.208643</td>\n",
       "      <td>-0.101959</td>\n",
       "    </tr>\n",
       "    <tr>\n",
       "      <th>exang</th>\n",
       "      <td>0.100735</td>\n",
       "      <td>0.131136</td>\n",
       "      <td>-0.400141</td>\n",
       "      <td>0.079605</td>\n",
       "      <td>0.068700</td>\n",
       "      <td>0.021751</td>\n",
       "      <td>-0.073964</td>\n",
       "      <td>-0.377674</td>\n",
       "      <td>1.000000</td>\n",
       "      <td>0.289944</td>\n",
       "      <td>-0.240764</td>\n",
       "      <td>0.108329</td>\n",
       "      <td>0.203623</td>\n",
       "    </tr>\n",
       "    <tr>\n",
       "      <th>oldpeak</th>\n",
       "      <td>0.200720</td>\n",
       "      <td>0.088163</td>\n",
       "      <td>-0.144262</td>\n",
       "      <td>0.199454</td>\n",
       "      <td>0.063496</td>\n",
       "      <td>0.006250</td>\n",
       "      <td>-0.045040</td>\n",
       "      <td>-0.347308</td>\n",
       "      <td>0.289944</td>\n",
       "      <td>1.000000</td>\n",
       "      <td>-0.579495</td>\n",
       "      <td>0.219035</td>\n",
       "      <td>0.190200</td>\n",
       "    </tr>\n",
       "    <tr>\n",
       "      <th>slope</th>\n",
       "      <td>-0.155287</td>\n",
       "      <td>-0.013672</td>\n",
       "      <td>0.107814</td>\n",
       "      <td>-0.126198</td>\n",
       "      <td>-0.013626</td>\n",
       "      <td>-0.060840</td>\n",
       "      <td>0.078381</td>\n",
       "      <td>0.377015</td>\n",
       "      <td>-0.240764</td>\n",
       "      <td>-0.579495</td>\n",
       "      <td>1.000000</td>\n",
       "      <td>-0.058759</td>\n",
       "      <td>-0.083205</td>\n",
       "    </tr>\n",
       "    <tr>\n",
       "      <th>ca</th>\n",
       "      <td>0.287493</td>\n",
       "      <td>0.113495</td>\n",
       "      <td>-0.183679</td>\n",
       "      <td>0.096240</td>\n",
       "      <td>0.060505</td>\n",
       "      <td>0.127803</td>\n",
       "      <td>-0.081411</td>\n",
       "      <td>-0.208643</td>\n",
       "      <td>0.108329</td>\n",
       "      <td>0.219035</td>\n",
       "      <td>-0.058759</td>\n",
       "      <td>1.000000</td>\n",
       "      <td>0.131429</td>\n",
       "    </tr>\n",
       "    <tr>\n",
       "      <th>thal</th>\n",
       "      <td>0.074281</td>\n",
       "      <td>0.191442</td>\n",
       "      <td>-0.156789</td>\n",
       "      <td>0.067750</td>\n",
       "      <td>0.118575</td>\n",
       "      <td>-0.044223</td>\n",
       "      <td>-0.017300</td>\n",
       "      <td>-0.101959</td>\n",
       "      <td>0.203623</td>\n",
       "      <td>0.190200</td>\n",
       "      <td>-0.083205</td>\n",
       "      <td>0.131429</td>\n",
       "      <td>1.000000</td>\n",
       "    </tr>\n",
       "  </tbody>\n",
       "</table>\n",
       "</div>"
      ],
      "text/plain": [
       "               age       sex        cp  trestbps      chol       fbs  \\\n",
       "age       1.000000 -0.118032 -0.068991  0.270715  0.224990  0.143908   \n",
       "sex      -0.118032  1.000000 -0.069095 -0.066163 -0.194766  0.036358   \n",
       "cp       -0.068991 -0.069095  1.000000  0.037315 -0.068987  0.092825   \n",
       "trestbps  0.270715 -0.066163  0.037315  1.000000  0.130482  0.178189   \n",
       "chol      0.224990 -0.194766 -0.068987  0.130482  1.000000  0.017765   \n",
       "fbs       0.143908  0.036358  0.092825  0.178189  0.017765  1.000000   \n",
       "restecg  -0.117200 -0.062686  0.049356 -0.110103 -0.146464 -0.083895   \n",
       "thalach  -0.405475 -0.038488  0.288246 -0.053083 -0.009453 -0.015726   \n",
       "exang     0.100735  0.131136 -0.400141  0.079605  0.068700  0.021751   \n",
       "oldpeak   0.200720  0.088163 -0.144262  0.199454  0.063496  0.006250   \n",
       "slope    -0.155287 -0.013672  0.107814 -0.126198 -0.013626 -0.060840   \n",
       "ca        0.287493  0.113495 -0.183679  0.096240  0.060505  0.127803   \n",
       "thal      0.074281  0.191442 -0.156789  0.067750  0.118575 -0.044223   \n",
       "\n",
       "           restecg   thalach     exang   oldpeak     slope        ca      thal  \n",
       "age      -0.117200 -0.405475  0.100735  0.200720 -0.155287  0.287493  0.074281  \n",
       "sex      -0.062686 -0.038488  0.131136  0.088163 -0.013672  0.113495  0.191442  \n",
       "cp        0.049356  0.288246 -0.400141 -0.144262  0.107814 -0.183679 -0.156789  \n",
       "trestbps -0.110103 -0.053083  0.079605  0.199454 -0.126198  0.096240  0.067750  \n",
       "chol     -0.146464 -0.009453  0.068700  0.063496 -0.013626  0.060505  0.118575  \n",
       "fbs      -0.083895 -0.015726  0.021751  0.006250 -0.060840  0.127803 -0.044223  \n",
       "restecg   1.000000  0.039295 -0.073964 -0.045040  0.078381 -0.081411 -0.017300  \n",
       "thalach   0.039295  1.000000 -0.377674 -0.347308  0.377015 -0.208643 -0.101959  \n",
       "exang    -0.073964 -0.377674  1.000000  0.289944 -0.240764  0.108329  0.203623  \n",
       "oldpeak  -0.045040 -0.347308  0.289944  1.000000 -0.579495  0.219035  0.190200  \n",
       "slope     0.078381  0.377015 -0.240764 -0.579495  1.000000 -0.058759 -0.083205  \n",
       "ca       -0.081411 -0.208643  0.108329  0.219035 -0.058759  1.000000  0.131429  \n",
       "thal     -0.017300 -0.101959  0.203623  0.190200 -0.083205  0.131429  1.000000  "
      ]
     },
     "execution_count": 11,
     "metadata": {},
     "output_type": "execute_result"
    }
   ],
   "source": [
    "X_train.corr()"
   ]
  },
  {
   "cell_type": "code",
   "execution_count": 12,
   "id": "22e3bdb6-8bc9-47a2-8b29-de5dfbc90a44",
   "metadata": {},
   "outputs": [
    {
     "data": {
      "text/plain": [
       "<Axes: >"
      ]
     },
     "execution_count": 12,
     "metadata": {},
     "output_type": "execute_result"
    },
    {
     "data": {
